value
A
